network,geoname_id,registered_country_geoname_id,represented_country_geoname_id,is_anonymous_proxy,is_satellite_provider,postal_code,latitude,longitude,accuracy_radius
::2ee0:56e5:d1e0:0:0/128,4178550,,,0,0,34787,28.4768,-81.6319,100
76:96:42:219::/64,4699066,,,0,0,77002,29.7633,-95.3633,100
2001:200::/49,2110681,,,0,0,305-0031,36.0833,140.1167,1
2001:200:0:8000::/49,1864092,,,0,0,251-0052,35.3419,139.4700,100
2001:200:120::/49,1850147,,,0,0,100-0001,35.6845,139.7559,5
2001:200:148::/49,1850147,,,0,0,100-0001,35.6845,139.7559,100
2001:200:167::/49,1848354,,,0,0,231-0021,35.4478,139.6425,20
2001:200:180::/49,1850147,,,0,0,100-0001,35.6845,139.7559,100
2001:200:180:8000::/49,1850147,,,0,0,100-0001,35.6845,139.7559,1
2001:200:1c0::/49,1859642,,,0,0,210-0835,35.5206,139.7172,20
2001:200:601::/49,1859740,,,0,0,350-0852,35.9086,139.4853,10
2001:200:905::/49,1863967,,,0,0,812-0045,33.6064,130.4181,100
2001:208:3::/49,1880252,,,0,0,,1.2931,103.8558,100
2001:208:5::/49,1880252,,,0,0,,1.2931,103.8558,1
2001:218::/35,1861060,1861060,,0,0,,35.68536,139.75309,100
2001:218:2000::/49,1850147,,,0,0,100-0001,35.6845,139.7559,100
2001:218:2000:8000::/49,1861060,1861060,,0,0,,35.68536,139.75309,100
2001:218:2001::/48,1861060,1861060,,0,0,,35.68536,139.75309,100
2001:218:2002::/47,1861060,1861060,,0,0,,35.68536,139.75309,100
2001:218:2004::/48,1861060,1861060,,0,0,,35.68536,139.75309,100
2001:218:2005::/49,1850147,,,0,0,100-0001,35.6845,139.7559,100
2001:218:2005:8000::/49,1861060,1861060,,0,0,,35.68536,139.75309,100
2001:218:2006::/47,1861060,1861060,,0,0,,35.68536,139.75309,100
2001:218:2008::/45,1861060,1861060,,0,0,,35.68536,139.75309,100
2001:218:2010::/44,1861060,1861060,,0,0,,35.68536,139.75309,100
2001:218:2020::/43,1861060,1861060,,0,0,,35.68536,139.75309,100
2001:218:2040::/42,1861060,1861060,,0,0,,35.68536,139.75309,100
2001:218:2080::/41,1861060,1861060,,0,0,,35.68536,139.75309,100
2001:218:2100::/40,1861060,1861060,,0,0,,35.68536,139.75309,100
2001:218:2200::/39,1861060,1861060,,0,0,,35.68536,139.75309,100
2001:218:2400::/38,1861060,1861060,,0,0,,35.68536,139.75309,100
2001:218:2800::/37,1861060,1861060,,0,0,,35.68536,139.75309,100
2001:218:3000::/36,1861060,1861060,,0,0,,35.68536,139.75309,100
2001:218:4000::/34,1861060,1861060,,0,0,,35.68536,139.75309,100
2001:218:8000::/34,1861060,1861060,,0,0,,35.68536,139.75309,100
2001:218:c000::/35,1861060,1861060,,0,0,,35.68536,139.75309,100
2001:218:e000::/48,1861060,1861060,,0,0,,35.68536,139.75309,100
2001:218:e001::/49,5421250,,,0,0,80111,39.6237,-104.8738,100
2001:218:e001:8000::/49,1861060,1861060,,0,0,,35.68536,139.75309,100
2001:218:e002::/47,1861060,1861060,,0,0,,35.68536,139.75309,100
2001:218:e004::/46,1861060,1861060,,0,0,,35.68536,139.75309,100
2001:218:e008::/45,1861060,1861060,,0,0,,35.68536,139.75309,100
2001:218:e010::/44,1861060,1861060,,0,0,,35.68536,139.75309,100
2001:218:e020::/43,1861060,1861060,,0,0,,35.68536,139.75309,100
2001:218:e040::/42,1861060,1861060,,0,0,,35.68536,139.75309,100
2001:218:e080::/41,1861060,1861060,,0,0,,35.68536,139.75309,100
2001:218:e100::/40,1861060,1861060,,0,0,,35.68536,139.75309,100
2001:218:e200::/39,1861060,1861060,,0,0,,35.68536,139.75309,100
2001:218:e400::/38,1861060,1861060,,0,0,,35.68536,139.75309,100
2001:218:e800::/37,1861060,1861060,,0,0,,35.68536,139.75309,100
2001:218:f000::/36,1861060,1861060,,0,0,,35.68536,139.75309,100
2001:220::/36,1835841,1835841,,0,0,,36.5,127.75,100
2001:220:1000::/38,1835841,1835841,,0,0,,36.5,127.75,100
2001:220:1400::/46,1835841,1835841,,0,0,,36.5,127.75,100
2001:220:1404::/49,1835848,,,0,0,,37.5985,126.9783,100
2001:220:1404:8000::/49,1835841,1835841,,0,0,,36.5,127.75,100
2001:220:1405::/48,1835841,1835841,,0,0,,36.5,127.75,100
2001:220:1406::/47,1835841,1835841,,0,0,,36.5,127.75,100
2001:220:1408::/45,1835841,1835841,,0,0,,36.5,127.75,100
2001:220:1410::/44,1835841,1835841,,0,0,,36.5,127.75,100
2001:220:1420::/43,1835841,1835841,,0,0,,36.5,127.75,100
2001:220:1440::/42,1835841,1835841,,0,0,,36.5,127.75,100
2001:220:1480::/41,1835841,1835841,,0,0,,36.5,127.75,100
2001:220:1500::/40,1835841,1835841,,0,0,,36.5,127.75,100
2001:220:1600::/39,1835841,1835841,,0,0,,36.5,127.75,100
2001:220:1800::/37,1835841,1835841,,0,0,,36.5,127.75,100
2001:220:2000::/35,1835841,1835841,,0,0,,36.5,127.75,100
2001:220:4000::/34,1835841,1835841,,0,0,,36.5,127.75,100
2001:220:8000::/33,1835841,1835841,,0,0,,36.5,127.75,100
2001:230::/32,1835841,1835841,,0,0,,36.5,127.75,100
2001:238::/32,1668284,1668284,,0,0,,24,121,100
2001:240::/40,1861060,1861060,,0,0,,35.68536,139.75309,100
2001:240:100::/43,1861060,1861060,,0,0,,35.68536,139.75309,100
2001:240:120::/44,1861060,1861060,,0,0,,35.68536,139.75309,100
2001:240:130::/45,1861060,1861060,,0,0,,35.68536,139.75309,100
2001:240:138::/48,1861060,1861060,,0,0,,35.68536,139.75309,100
2001:240:139::/49,1848373,,,0,0,510-0074,34.9667,136.6167,10
2001:240:139:8000::/49,1861060,1861060,,0,0,,35.68536,139.75309,100
2001:240:13a::/47,1861060,1861060,,0,0,,35.68536,139.75309,100
2001:240:13c::/46,1861060,1861060,,0,0,,35.68536,139.75309,100
2001:240:140::/43,1861060,1861060,,0,0,,35.68536,139.75309,100
2001:240:160::/45,1861060,1861060,,0,0,,35.68536,139.75309,100
2001:240:168::/49,1850147,,,0,0,100-0001,35.6845,139.7559,1
2001:240:168:8000::/49,1861060,1861060,,0,0,,35.68536,139.75309,100
2001:240:169::/48,1861060,1861060,,0,0,,35.68536,139.75309,100
2001:240:16a::/47,1861060,1861060,,0,0,,35.68536,139.75309,100
2001:240:16c::/46,1861060,1861060,,0,0,,35.68536,139.75309,100
2001:240:170::/44,1861060,1861060,,0,0,,35.68536,139.75309,100
2001:240:180::/41,1861060,1861060,,0,0,,35.68536,139.75309,100
2001:240:200::/39,1861060,1861060,,0,0,,35.68536,139.75309,100
2001:240:400::/39,1861060,1861060,,0,0,,35.68536,139.75309,100
2001:240:600::/41,1861060,1861060,,0,0,,35.68536,139.75309,100
2001:240:680::/43,1861060,1861060,,0,0,,35.68536,139.75309,100
2001:240:6a0::/44,1861060,1861060,,0,0,,35.68536,139.75309,100
2001:240:6b0::/45,1861060,1861060,,0,0,,35.68536,139.75309,100
2001:240:6b8::/47,1861060,1861060,,0,0,,35.68536,139.75309,100
2001:240:6ba::/48,1861060,1861060,,0,0,,35.68536,139.75309,100
2001:240:6bb::/49,1850147,,,0,0,100-0001,35.6845,139.7559,1
2001:240:6bb:8000::/49,1861060,1861060,,0,0,,35.68536,139.75309,100
2001:240:6bc::/46,1861060,1861060,,0,0,,35.68536,139.75309,100
2001:240:6c0::/42,1861060,1861060,,0,0,,35.68536,139.75309,100
2001:240:700::/40,1861060,1861060,,0,0,,35.68536,139.75309,100
2001:240:800::/37,1861060,1861060,,0,0,,35.68536,139.75309,100
2001:240:1000::/38,1861060,1861060,,0,0,,35.68536,139.75309,100
2001:240:1400::/45,1861060,1861060,,0,0,,35.68536,139.75309,100
2001:240:1408::/49,1861060,1861060,,0,0,,35.68536,139.75309,100
2001:240:1408:8000::/49,2113014,,,0,0,274-0071,35.6833,140.0333,20
2001:240:1409::/48,1861060,1861060,,0,0,,35.68536,139.75309,100
2001:240:140a::/47,1861060,1861060,,0,0,,35.68536,139.75309,100
2001:240:140c::/46,1861060,1861060,,0,0,,35.68536,139.75309,100
2001:240:1410::/44,1861060,1861060,,0,0,,35.68536,139.75309,100
2001:240:1420::/43,1861060,1861060,,0,0,,35.68536,139.75309,100
2001:240:1440::/42,1861060,1861060,,0,0,,35.68536,139.75309,100
2001:240:1480::/41,1861060,1861060,,0,0,,35.68536,139.75309,100
2001:240:1500::/40,1861060,1861060,,0,0,,35.68536,139.75309,100
2001:240:1600::/39,1861060,1861060,,0,0,,35.68536,139.75309,100
2001:240:1800::/37,1861060,1861060,,0,0,,35.68536,139.75309,100
2001:240:2000::/46,1861060,1861060,,0,0,,35.68536,139.75309,100
2001:240:2004::/47,1861060,1861060,,0,0,,35.68536,139.75309,100
2001:240:2006::/48,1850147,,,0,0,100-0001,35.6845,139.7559,100
2001:240:2007::/48,1861060,1861060,,0,0,,35.68536,139.75309,100
2001:240:2008::/48,1861060,1861060,,0,0,,35.68536,139.75309,100
2001:240:2009::/49,1861060,1861060,,0,0,,35.68536,139.75309,100
2001:240:2009:8000::/49,2128295,,,0,0,,43.0642,141.3469,100
2001:240:200a::/47,1861060,1861060,,0,0,,35.68536,139.75309,100
2001:240:200c::/46,1861060,1861060,,0,0,,35.68536,139.75309,100
2001:240:2010::/47,1861060,1861060,,0,0,,35.68536,139.75309,100
2001:240:2012::/49,2111149,,,0,0,980-0802,38.2689,140.8719,100
2001:240:2012:8000::/49,1861060,1861060,,0,0,,35.68536,139.75309,100
2001:240:2013::/48,1861060,1861060,,0,0,,35.68536,139.75309,100
2001:240:2014::/46,1861060,1861060,,0,0,,35.68536,139.75309,100
2001:240:2018::/45,1861060,1861060,,0,0,,35.68536,139.75309,100
2001:240:2020::/48,1861060,1861060,,0,0,,35.68536,139.75309,100
2001:240:2021::/49,1849053,,,0,0,320-0027,36.5658,139.8836,100
2001:240:2021:8000::/49,1861060,1861060,,0,0,,35.68536,139.75309,100
2001:240:2022::/47,1861060,1861060,,0,0,,35.68536,139.75309,100
2001:240:2024::/47,1861060,1861060,,0,0,,35.68536,139.75309,100
2001:240:2026::/48,1861060,1861060,,0,0,,35.68536,139.75309,100
2001:240:2027::/49,8182242,,,0,0,981-0501,38.4421,141.2414,100
2001:240:2027:8000::/49,6940394,,,0,0,330-0063,35.8569,139.6489,100
2001:240:2028::/46,1861060,1861060,,0,0,,35.68536,139.75309,100
2001:240:202c::/48,1861060,1861060,,0,0,,35.68536,139.75309,100
2001:240:202d::/48,1859642,,,0,0,210-0835,35.5206,139.7172,100
2001:240:202e::/47,1861060,1861060,,0,0,,35.68536,139.75309,100
2001:240:2030::/44,1861060,1861060,,0,0,,35.68536,139.75309,100
2001:240:2040::/42,1861060,1861060,,0,0,,35.68536,139.75309,100
2001:240:2080::/41,1861060,1861060,,0,0,,35.68536,139.75309,100
2001:240:2100::/41,1861060,1861060,,0,0,,35.68536,139.75309,100
2001:240:2180::/45,1861060,1861060,,0,0,,35.68536,139.75309,100
2001:240:2188::/47,1861060,1861060,,0,0,,35.68536,139.75309,100
2001:240:218a::/48,1861060,1861060,,0,0,,35.68536,139.75309,100
2001:240:218b::/49,1907123,,,0,0,349-0115,35.9756,139.6508,100
2001:240:218b:8000::/49,1861060,1861060,,0,0,,35.68536,139.75309,100
2001:240:218c::/48,1861060,1861060,,0,0,,35.68536,139.75309,100
2001:240:218d::/49,1848354,,,0,0,231-0021,35.4478,139.6425,100
2001:240:218d:8000::/49,1859642,,,0,0,210-0835,35.5206,139.7172,100
2001:240:218e::/47,1861060,1861060,,0,0,,35.68536,139.75309,100
2001:240:2190::/47,1861060,1861060,,0,0,,35.68536,139.75309,100
2001:240:2192::/48,1850147,,,0,0,100-0001,35.6845,139.7559,100
2001:240:2193::/49,1850147,,,0,0,100-0001,35.6845,139.7559,100
2001:240:2193:8000::/49,1861060,1861060,,0,0,,35.68536,139.75309,100
2001:240:2194::/48,1850147,,,0,0,100-0001,35.6845,139.7559,100
2001:240:2195::/49,1850147,,,0,0,100-0001,35.6845,139.7559,1
2001:240:2195:8000::/49,1861060,1861060,,0,0,,35.68536,139.75309,100
2001:240:2196::/48,1850147,,,0,0,100-0001,35.6845,139.7559,100
2001:240:2197::/49,1861060,1861060,,0,0,,35.68536,139.75309,100
2001:240:2197:8000::/49,1850147,,,0,0,100-0001,35.6845,139.7559,100
2001:240:2198::/49,1850147,,,0,0,100-0001,35.6845,139.7559,100
2001:240:2198:8000::/49,1861060,1861060,,0,0,,35.68536,139.75309,100
2001:240:2199::/48,1850147,,,0,0,100-0001,35.6845,139.7559,100
2001:240:219a::/48,1850147,,,0,0,100-0001,35.6845,139.7559,100
2001:240:219b::/49,1861060,1861060,,0,0,,35.68536,139.75309,100
2001:240:219b:8000::/49,1850147,,,0,0,100-0001,35.6845,139.7559,100
2001:240:219c::/46,1861060,1861060,,0,0,,35.68536,139.75309,100
2001:240:21a0::/44,1861060,1861060,,0,0,,35.68536,139.75309,100
2001:240:21b0::/49,1861060,1861060,,0,0,,35.68536,139.75309,100
2001:240:21b0:8000::/49,6940394,,,0,0,330-0063,35.8569,139.6489,100
2001:240:21b1::/48,1861060,1861060,,0,0,,35.68536,139.75309,100
2001:240:21b2::/47,1861060,1861060,,0,0,,35.68536,139.75309,100
2001:240:21b4::/46,1861060,1861060,,0,0,,35.68536,139.75309,100
2001:240:21b8::/49,1848354,,,0,0,231-0021,35.4478,139.6425,100
2001:240:21b8:8000::/49,1848354,,,0,0,231-0021,35.4478,139.6425,1
2001:240:21b9::/48,1861060,1861060,,0,0,,35.68536,139.75309,100
2001:240:21ba::/47,1861060,1861060,,0,0,,35.68536,139.75309,100
2001:240:21bc::/46,1861060,1861060,,0,0,,35.68536,139.75309,100
2001:240:21c0::/42,1861060,1861060,,0,0,,35.68536,139.75309,100
2001:240:2200::/49,1850147,,,0,0,100-0001,35.6845,139.7559,200
2001:240:2200:8000::/49,1861060,1861060,,0,0,,35.68536,139.75309,100
2001:240:2201::/48,1861060,1861060,,0,0,,35.68536,139.75309,100
2001:240:2202::/47,1861060,1861060,,0,0,,35.68536,139.75309,100
2001:240:2204::/46,1861060,1861060,,0,0,,35.68536,139.75309,100
2001:240:2208::/45,1861060,1861060,,0,0,,35.68536,139.75309,100
2001:240:2210::/44,1861060,1861060,,0,0,,35.68536,139.75309,100
2001:240:2220::/43,1861060,1861060,,0,0,,35.68536,139.75309,100
2001:240:2240::/42,1861060,1861060,,0,0,,35.68536,139.75309,100
2001:240:2280::/41,1861060,1861060,,0,0,,35.68536,139.75309,100
2001:240:2300::/40,1861060,1861060,,0,0,,35.68536,139.75309,100
2001:240:2400::/48,1861060,1861060,,0,0,,35.68536,139.75309,100
2001:240:2401::/48,1850147,,,0,0,100-0001,35.6845,139.7559,200
2001:240:2402::/48,1861060,1861060,,0,0,,35.68536,139.75309,100
2001:240:2403::/49,1850147,,,0,0,100-0001,35.6845,139.7559,100
2001:240:2403:8000::/49,1861060,1861060,,0,0,,35.68536,139.75309,100
2001:240:2404::/46,1861060,1861060,,0,0,,35.68536,139.75309,100
2001:240:2408::/45,1861060,1861060,,0,0,,35.68536,139.75309,100
2001:240:2410::/44,1861060,1861060,,0,0,,35.68536,139.75309,100
2001:240:2420::/43,1861060,1861060,,0,0,,35.68536,139.75309,100
2001:240:2440::/42,1861060,1861060,,0,0,,35.68536,139.75309,100
2001:240:2480::/41,1861060,1861060,,0,0,,35.68536,139.75309,100
2001:240:2500::/40,1861060,1861060,,0,0,,35.68536,139.75309,100
2001:240:2600::/39,1861060,1861060,,0,0,,35.68536,139.75309,100
2001:240:2800::/46,1861060,1861060,,0,0,,35.68536,139.75309,100
2001:240:2804::/47,1861060,1861060,,0,0,,35.68536,139.75309,100
2001:240:2806::/49,2130658,,,0,0,,40.8244,140.7400,100
2001:240:2806:8000::/49,1861060,1861060,,0,0,,35.68536,139.75309,100
2001:240:2807::/48,1861060,1861060,,0,0,,35.68536,139.75309,100
2001:240:2808::/45,1861060,1861060,,0,0,,35.68536,139.75309,100
2001:240:2810::/45,1861060,1861060,,0,0,,35.68536,139.75309,100
2001:240:2818::/49,2112539,,,0,0,973-8411,37.0500,140.8833,100
2001:240:2818:8000::/49,1861060,1861060,,0,0,,35.68536,139.75309,100
2001:240:2819::/48,1861060,1861060,,0,0,,35.68536,139.75309,100
2001:240:281a::/47,1861060,1861060,,0,0,,35.68536,139.75309,100
2001:240:281c::/46,1861060,1861060,,0,0,,35.68536,139.75309,100
2001:240:2820::/49,1849053,,,0,0,320-0027,36.5658,139.8836,1
2001:240:2820:8000::/49,1861060,1861060,,0,0,,35.68536,139.75309,100
2001:240:2821::/48,1861060,1861060,,0,0,,35.68536,139.75309,100
2001:240:2822::/47,1861060,1861060,,0,0,,35.68536,139.75309,100
2001:240:2824::/47,1861060,1861060,,0,0,,35.68536,139.75309,100
2001:240:2826::/49,1861060,1861060,,0,0,,35.68536,139.75309,100
2001:240:2826:8000::/49,1907301,,,0,0,335-0012,35.8094,139.6925,20
2001:240:2827::/48,1861060,1861060,,0,0,,35.68536,139.75309,100
2001:240:2828::/45,1861060,1861060,,0,0,,35.68536,139.75309,100
2001:240:2830::/47,1861060,1861060,,0,0,,35.68536,139.75309,100
2001:240:2832::/49,2113015,,,0,0,260-0855,35.6047,140.1233,100
2001:240:2832:8000::/49,1861060,1861060,,0,0,,35.68536,139.75309,100
2001:240:2833::/48,1861060,1861060,,0,0,,35.68536,139.75309,100
2001:240:2834::/46,1861060,1861060,,0,0,,35.68536,139.75309,100
2001:240:2838::/48,1861060,1861060,,0,0,,35.68536,139.75309,100
2001:240:2839::/49,1861060,1861060,,0,0,,35.68536,139.75309,100
2001:240:2839:8000::/49,1850147,,,0,0,100-0001,35.6845,139.7559,100
2001:240:283a::/47,1861060,1861060,,0,0,,35.68536,139.75309,100
2001:240:283c::/46,1861060,1861060,,0,0,,35.68536,139.75309,100
2001:240:2840::/45,1861060,1861060,,0,0,,35.68536,139.75309,100
2001:240:2848::/46,1861060,1861060,,0,0,,35.68536,139.75309,100
2001:240:284c::/49,1861060,1861060,,0,0,,35.68536,139.75309,100
2001:240:284c:8000::/49,1848354,,,0,0,231-0021,35.4478,139.6425,100
2001:240:284d::/48,1861060,1861060,,0,0,,35.68536,139.75309,100
2001:240:284e::/49,1848354,,,0,0,231-0021,35.4478,139.6425,100
2001:240:284e:8000::/49,1861060,1861060,,0,0,,35.68536,139.75309,100
2001:240:284f::/48,1861060,1861060,,0,0,,35.68536,139.75309,100
2001:240:2850::/44,1861060,1861060,,0,0,,35.68536,139.75309,100
2001:240:2860::/47,1861060,1861060,,0,0,,35.68536,139.75309,100
2001:240:2862::/48,1861060,1861060,,0,0,,35.68536,139.75309,100
2001:240:2863::/49,1861060,1861060,,0,0,,35.68536,139.75309,100
2001:240:2863:8000::/49,1851368,,,0,0,392-0004,36.0333,138.1333,100
2001:240:2864::/49,1861060,1861060,,0,0,,35.68536,139.75309,100
2001:240:2864:8000::/49,1856215,,,0,0,380-0837,36.6514,138.1811,100
2001:240:2865::/48,1861060,1861060,,0,0,,35.68536,139.75309,100
2001:240:2866::/47,1861060,1861060,,0,0,,35.68536,139.75309,100
2001:240:2868::/45,1861060,1861060,,0,0,,35.68536,139.75309,100
2001:240:2870::/44,1861060,1861060,,0,0,,35.68536,139.75309,100
2001:240:2880::/44,1861060,1861060,,0,0,,35.68536,139.75309,100
2001:240:2890::/45,1861060,1861060,,0,0,,35.68536,139.75309,100
2001:240:2898::/48,1861060,1861060,,0,0,,35.68536,139.75309,100
2001:240:2899::/49,1861060,1861060,,0,0,,35.68536,139.75309,100
2001:240:2899:8000::/49,1850147,,,0,0,100-0001,35.6845,139.7559,100
2001:240:289a::/47,1861060,1861060,,0,0,,35.68536,139.75309,100
2001:240:289c::/46,1861060,1861060,,0,0,,35.68536,139.75309,100
2001:240:28a0::/43,1861060,1861060,,0,0,,35.68536,139.75309,100
2001:240:28c0::/42,1861060,1861060,,0,0,,35.68536,139.75309,100
2001:240:2900::/41,1861060,1861060,,0,0,,35.68536,139.75309,100
2001:240:2980::/46,1861060,1861060,,0,0,,35.68536,139.75309,100
2001:240:2984::/47,1861060,1861060,,0,0,,35.68536,139.75309,100
2001:240:2986::/48,1861060,1861060,,0,0,,35.68536,139.75309,100
2001:240:2987::/49,1861060,1861060,,0,0,,35.68536,139.75309,100
2001:240:2987:8000::/49,1850147,,,0,0,100-0001,35.6845,139.7559,100
2001:240:2988::/49,1850147,,,0,0,100-0001,35.6845,139.7559,100
2001:240:2988:8000::/49,1861060,1861060,,0,0,,35.68536,139.75309,100
2001:240:2989::/48,1861060,1861060,,0,0,,35.68536,139.75309,100
2001:240:298a::/47,1861060,1861060,,0,0,,35.68536,139.75309,100
2001:240:298c::/47,1861060,1861060,,0,0,,35.68536,139.75309,100
2001:240:298e::/48,1861060,1861060,,0,0,,35.68536,139.75309,100
2001:240:298f::/49,1850147,,,0,0,100-0001,35.6845,139.7559,100
2001:240:298f:8000::/49,1861060,1861060,,0,0,,35.68536,139.75309,100
2001:240:2990::/47,1861060,1861060,,0,0,,35.68536,139.75309,100
2001:240:2992::/48,1861060,1861060,,0,0,,35.68536,139.75309,100
2001:240:2993::/49,1850147,,,0,0,100-0001,35.6845,139.7559,100
2001:240:2993:8000::/49,1861060,1861060,,0,0,,35.68536,139.75309,100
2001:240:2994::/46,1861060,1861060,,0,0,,35.68536,139.75309,100
2001:240:2998::/48,1861060,1861060,,0,0,,35.68536,139.75309,100
2001:240:2999::/49,1850147,,,0,0,100-0001,35.6845,139.7559,100
2001:240:2999:8000::/49,1861060,1861060,,0,0,,35.68536,139.75309,100
2001:240:299a::/48,1861060,1861060,,0,0,,35.68536,139.75309,100
2001:240:299b::/49,1861060,1861060,,0,0,,35.68536,139.75309,100
2001:240:299b:8000::/49,1850147,,,0,0,100-0001,35.6845,139.7559,100
2001:240:299c::/46,1861060,1861060,,0,0,,35.68536,139.75309,100
2001:240:29a0::/48,1861060,1861060,,0,0,,35.68536,139.75309,100
2001:240:29a1::/49,1861060,1861060,,0,0,,35.68536,139.75309,100
2001:240:29a1:8000::/49,1850147,,,0,0,100-0001,35.6845,139.7559,100
2001:240:29a2::/49,1850147,,,0,0,100-0001,35.6845,139.7559,100
2001:240:29a2:8000::/49,1861060,1861060,,0,0,,35.68536,139.75309,100
2001:240:29a3::/49,1850147,,,0,0,100-0001,35.6845,139.7559,100
2001:240:29a3:8000::/49,1861060,1861060,,0,0,,35.68536,139.75309,100
2001:240:29a4::/46,1861060,1861060,,0,0,,35.68536,139.75309,100
2001:240:29a8::/45,1861060,1861060,,0,0,,35.68536,139.75309,100
2001:240:29b0::/44,1861060,1861060,,0,0,,35.68536,139.75309,100
2001:240:29c0::/44,1861060,1861060,,0,0,,35.68536,139.75309,100
2001:240:29d0::/47,1861060,1861060,,0,0,,35.68536,139.75309,100
2001:240:29d2::/49,1861060,1861060,,0,0,,35.68536,139.75309,100
2001:240:29d2:8000::/49,1859642,,,0,0,210-0835,35.5206,139.7172,100
2001:240:29d3::/48,1861060,1861060,,0,0,,35.68536,139.75309,100
2001:240:29d4::/48,1861060,1861060,,0,0,,35.68536,139.75309,100
2001:240:29d5::/49,1859642,,,0,0,210-0835,35.5206,139.7172,100
2001:240:29d5:8000::/49,1861060,1861060,,0,0,,35.68536,139.75309,100
2001:240:29d6::/47,1861060,1861060,,0,0,,35.68536,139.75309,100
2001:240:29d8::/47,1861060,1861060,,0,0,,35.68536,139.75309,100
2001:240:29da::/48,1861060,1861060,,0,0,,35.68536,139.75309,100
2001:240:29db::/49,1859642,,,0,0,210-0835,35.5206,139.7172,100
2001:240:29db:8000::/49,1861060,1861060,,0,0,,35.68536,139.75309,100
2001:240:29dc::/48,1861060,1861060,,0,0,,35.68536,139.75309,100
2001:240:29dd::/49,1861060,1861060,,0,0,,35.68536,139.75309,100
2001:240:29dd:8000::/49,1848354,,,0,0,231-0021,35.4478,139.6425,100
2001:240:29de::/47,1861060,1861060,,0,0,,35.68536,139.75309,100
2001:240:29e0::/46,1861060,1861060,,0,0,,35.68536,139.75309,100
2001:240:29e4::/47,1861060,1861060,,0,0,,35.68536,139.75309,100
2001:240:29e6::/49,1848354,,,0,0,231-0021,35.4478,139.6425,100
2001:240:29e6:8000::/49,1861060,1861060,,0,0,,35.68536,139.75309,100
2001:240:29e7::/48,1861060,1861060,,0,0,,35.68536,139.75309,100
2001:240:29e8::/49,1848354,,,0,0,231-0021,35.4478,139.6425,100
2001:240:29e8:8000::/49,1861060,1861060,,0,0,,35.68536,139.75309,100
2001:240:29e9::/49,1861060,1861060,,0,0,,35.68536,139.75309,100
2001:240:29e9:8000::/49,1848354,,,0,0,231-0021,35.4478,139.6425,100
2001:240:29ea::/47,1861060,1861060,,0,0,,35.68536,139.75309,100
2001:240:29ec::/46,1861060,1861060,,0,0,,35.68536,139.75309,100
2001:240:29f0::/44,1861060,1861060,,0,0,,35.68536,139.75309,100
2001:240:2a00::/45,1861060,1861060,,0,0,,35.68536,139.75309,100
2001:240:2a08::/47,1861060,1861060,,0,0,,35.68536,139.75309,100
2001:240:2a0a::/48,1861060,1861060,,0,0,,35.68536,139.75309,100
2001:240:2a0b::/49,1855431,,,0,0,950-0965,37.9022,139.0236,100
2001:240:2a0b:8000::/49,1861060,1861060,,0,0,,35.68536,139.75309,100
2001:240:2a0c::/46,1861060,1861060,,0,0,,35.68536,139.75309,100
2001:240:2a10::/44,1861060,1861060,,0,0,,35.68536,139.75309,100
2001:240:2a20::/43,1861060,1861060,,0,0,,35.68536,139.75309,100
2001:240:2a40::/43,1861060,1861060,,0,0,,35.68536,139.75309,100
2001:240:2a60::/45,1861060,1861060,,0,0,,35.68536,139.75309,100
2001:240:2a68::/46,1861060,1861060,,0,0,,35.68536,139.75309,100
2001:240:2a6c::/48,1861060,1861060,,0,0,,35.68536,139.75309,100
2001:240:2a6d::/49,1849837,,,0,0,560-0023,34.7833,135.4667,100
2001:240:2a6d:8000::/49,1861060,1861060,,0,0,,35.68536,139.75309,100
2001:240:2a6e::/47,1861060,1861060,,0,0,,35.68536,139.75309,100
2001:240:2a70::/44,1861060,1861060,,0,0,,35.68536,139.75309,100
2001:240:2a80::/48,1861060,1861060,,0,0,,35.68536,139.75309,100
2001:240:2a81::/49,1861060,1861060,,0,0,,35.68536,139.75309,100
2001:240:2a81:8000::/49,1859171,,,0,0,650-0011,34.6913,135.1830,100
2001:240:2a82::/47,1861060,1861060,,0,0,,35.68536,139.75309,100
2001:240:2a84::/46,1861060,1861060,,0,0,,35.68536,139.75309,100
2001:240:2a88::/45,1861060,1861060,,0,0,,35.68536,139.75309,100
2001:240:2a90::/44,1861060,1861060,,0,0,,35.68536,139.75309,100
2001:240:2aa0::/43,1861060,1861060,,0,0,,35.68536,139.75309,100
2001:240:2ac0::/42,1861060,1861060,,0,0,,35.68536,139.75309,100
2001:240:2b00::/40,1861060,1861060,,0,0,,35.68536,139.75309,100
2001:240:2c00::/38,1861060,1861060,,0,0,,35.68536,139.75309,100
2001:240:3000::/36,1861060,1861060,,0,0,,35.68536,139.75309,100
2001:240:4000::/34,1861060,1861060,,0,0,,35.68536,139.75309,100
2001:240:8000::/35,1861060,1861060,,0,0,,35.68536,139.75309,100
2001:240:a000::/36,1861060,1861060,,0,0,,35.68536,139.75309,100
2001:240:b000::/37,1861060,1861060,,0,0,,35.68536,139.75309,100
2001:240:b800::/39,1861060,1861060,,0,0,,35.68536,139.75309,100
2001:240:ba00::/40,1861060,1861060,,0,0,,35.68536,139.75309,100
2001:240:bb00::/42,1861060,1861060,,0,0,,35.68536,139.75309,100
2001:240:bb40::/45,1861060,1861060,,0,0,,35.68536,139.75309,100
2001:240:bb48::/48,1861060,1861060,,0,0,,35.68536,139.75309,100
2001:240:bb49::/49,1861060,1861060,,0,0,,35.68536,139.75309,100
2001:240:bb49:8000::/49,1859642,,,0,0,210-0835,35.5206,139.7172,10
2001:240:bb4a::/47,1861060,1861060,,0,0,,35.68536,139.75309,100
2001:240:bb4c::/46,1861060,1861060,,0,0,,35.68536,139.75309,100
2001:240:bb50::/45,1861060,1861060,,0,0,,35.68536,139.75309,100
2001:240:bb58::/46,1861060,1861060,,0,0,,35.68536,139.75309,100
2001:240:bb5c::/47,1861060,1861060,,0,0,,35.68536,139.75309,100
2001:240:bb5e::/49,1850147,,,0,0,100-0001,35.6845,139.7559,20
2001:240:bb5e:8000::/49,1861060,1861060,,0,0,,35.68536,139.75309,100
2001:240:bb5f::/49,1850147,,,0,0,100-0001,35.6845,139.7559,100
2001:240:bb5f:8000::/49,1861060,1861060,,0,0,,35.68536,139.75309,100
2001:240:bb60::/43,1861060,1861060,,0,0,,35.68536,139.75309,100
2001:240:bb80::/48,1861060,1861060,,0,0,,35.68536,139.75309,100
2001:240:bb81::/49,1850147,,,0,0,100-0001,35.6845,139.7559,100
2001:240:bb81:8000::/49,1861060,1861060,,0,0,,35.68536,139.75309,100
2001:240:bb82::/47,1861060,1861060,,0,0,,35.68536,139.75309,100
2001:240:bb84::/46,1861060,1861060,,0,0,,35.68536,139.75309,100
2001:240:bb88::/45,1861060,1861060,,0,0,,35.68536,139.75309,100
2001:240:bb90::/44,1861060,1861060,,0,0,,35.68536,139.75309,100
2001:240:bba0::/43,1861060,1861060,,0,0,,35.68536,139.75309,100
2001:240:bbc0::/42,1861060,1861060,,0,0,,35.68536,139.75309,100
2001:240:bc00::/38,1861060,1861060,,0,0,,35.68536,139.75309,100
2001:240:c000::/34,1861060,1861060,,0,0,,35.68536,139.75309,100
2001:250::/39,1814991,1814991,,0,0,,35,105,100
2001:250:200::/46,1814991,1814991,,0,0,,35,105,100
2001:250:204::/47,1814991,1814991,,0,0,,35,105,100
2001:250:206::/48,1814991,1814991,,0,0,,35,105,100
2001:250:207::/49,1816670,,,0,0,,39.9289,116.3883,1
2001:250:207:8000::/49,1814991,1814991,,0,0,,35,105,100
2001:250:208::/49,1816670,,,0,0,,39.9289,116.3883,1
2001:250:208:8000::/49,1814991,1814991,,0,0,,35,105,100
2001:250:209::/49,1816670,,,0,0,,39.9289,116.3883,1
2001:250:209:8000::/49,1814991,1814991,,0,0,,35,105,100
2001:250:20a::/49,1816670,,,0,0,,39.9289,116.3883,1
2001:250:20a:8000::/49,1814991,1814991,,0,0,,35,105,100
2001:250:20b::/48,1814991,1814991,,0,0,,35,105,100
2001:250:20c::/46,1814991,1814991,,0,0,,35,105,100
2001:250:210::/46,1814991,1814991,,0,0,,35,105,100
2001:250:214::/47,1814991,1814991,,0,0,,35,105,100
2001:250:216::/48,1814991,1814991,,0,0,,35,105,100
2001:250:217::/49,1816670,,,0,0,,39.9289,116.3883,1
2001:250:217:8000::/49,1814991,1814991,,0,0,,35,105,100
2001:250:218::/49,1816670,,,0,0,,39.9289,116.3883,1
2001:250:218:8000::/49,1814991,1814991,,0,0,,35,105,100
2001:250:219::/49,1814991,1814991,,0,0,,35,105,100
2001:250:219:8000::/49,1816670,,,0,0,,39.9289,116.3883,1
2001:250:21a::/47,1814991,1814991,,0,0,,35,105,100
2001:250:21c::/46,1814991,1814991,,0,0,,35,105,100
2001:250:220::/43,1814991,1814991,,0,0,,35,105,100
2001:250:240::/42,1814991,1814991,,0,0,,35,105,100
2001:250:280::/41,1814991,1814991,,0,0,,35,105,100
2001:250:300::/40,1814991,1814991,,0,0,,35,105,100
2001:250:400::/48,1814991,1814991,,0,0,,35,105,100
2001:250:401::/49,1792947,,,0,0,,39.1422,117.1767,100
2001:250:401:8000::/49,1792947,,,0,0,,39.1422,117.1767,100
2001:250:402::/49,1792947,,,0,0,,39.1422,117.1767,100
2001:250:402:8000::/49,1814991,1814991,,0,0,,35,105,100
2001:250:403::/48,1814991,1814991,,0,0,,35,105,100
2001:250:404::/49,1792947,,,0,0,,39.1422,117.1767,100
2001:250:404:8000::/49,1814991,1814991,,0,0,,35,105,100
2001:250:405::/49,1792947,,,0,0,,39.1422,117.1767,200
2001:250:405:8000::/49,1814991,1814991,,0,0,,35,105,100
2001:250:406::/47,1814991,1814991,,0,0,,35,105,100
2001:250:408::/45,1814991,1814991,,0,0,,35,105,100
2001:250:410::/44,1814991,1814991,,0,0,,35,105,100
2001:250:420::/43,1814991,1814991,,0,0,,35,105,100
2001:250:440::/42,1814991,1814991,,0,0,,35,105,100
2001:250:480::/41,1814991,1814991,,0,0,,35,105,100
2001:250:500::/40,1814991,1814991,,0,0,,35,105,100
2001:250:600::/39,1814991,1814991,,0,0,,35,105,100
2001:250:800::/46,1814991,1814991,,0,0,,35,105,100
2001:250:804::/49,1814991,1814991,,0,0,,35,105,100
2001:250:804:8000::/49,1786559,,,0,0,,39.5591,113.1855,100
2001:250:805::/48,1814991,1814991,,0,0,,35,105,100
2001:250:806::/47,1814991,1814991,,0,0,,35,105,100
2001:250:808::/45,1814991,1814991,,0,0,,35,105,100
2001:250:810::/44,1814991,1814991,,0,0,,35,105,100
2001:250:820::/43,1814991,1814991,,0,0,,35,105,100
2001:250:840::/42,1814991,1814991,,0,0,,35,105,100
2001:250:880::/41,1814991,1814991,,0,0,,35,105,100
2001:250:900::/40,1814991,1814991,,0,0,,35,105,100
2001:250:a00::/39,1814991,1814991,,0,0,,35,105,100
2001:250:c00::/49,1793511,,,0,0,,37.7269,112.4708,500
2001:250:c00:8000::/49,1814991,1814991,,0,0,,35,105,100
2001:250:c01::/49,1790630,,,0,0,,34.2583,108.9286,1
2001:250:c01:8000::/49,1814991,1814991,,0,0,,35,105,100
2001:250:c02::/49,1814991,1814991,,0,0,,35,105,100
2001:250:c02:8000::/49,1793511,,,0,0,,37.7269,112.4708,100
2001:250:c03::/48,1814991,1814991,,0,0,,35,105,100
2001:250:c04::/46,1814991,1814991,,0,0,,35,105,100
2001:250:c08::/45,1814991,1814991,,0,0,,35,105,100
2001:250:c10::/44,1814991,1814991,,0,0,,35,105,100
2001:250:c20::/43,1814991,1814991,,0,0,,35,105,100
2001:250:c40::/42,1814991,1814991,,0,0,,35,105,100
2001:250:c80::/41,1814991,1814991,,0,0,,35,105,100
2001:250:d00::/40,1814991,1814991,,0,0,,35,105,100
2001:250:e00::/39,1814991,1814991,,0,0,,35,105,100
2001:250:1000::/48,1814991,1814991,,0,0,,35,105,100
2001:250:1001::/49,8078158,,,0,0,,29.5000,87.6000,1000
2001:250:1001:8000::/49,1814991,1814991,,0,0,,35,105,100
2001:250:1002::/49,1787458,,,0,0,,34.2717,108.0789,200
2001:250:1002:8000::/49,1814991,1814991,,0,0,,35,105,100
2001:250:1003::/48,1790630,,,0,0,,34.2583,108.9286,1
2001:250:1004::/49,1790630,,,0,0,,34.2583,108.9286,1000
2001:250:1004:8000::/49,1814991,1814991,,0,0,,35,105,100
2001:250:1005::/49,1814991,1814991,,0,0,,35,105,100
2001:250:1005:8000::/49,1790630,,,0,0,,34.2583,108.9286,100
2001:250:1006::/48,1790630,,,0,0,,34.2583,108.9286,200
2001:250:1007::/48,1814991,1814991,,0,0,,35,105,100
2001:250:1008::/45,1814991,1814991,,0,0,,35,105,100
2001:250:1010::/44,1814991,1814991,,0,0,,35,105,100
2001:250:1020::/43,1814991,1814991,,0,0,,35,105,100
2001:250:1040::/42,1814991,1814991,,0,0,,35,105,100
2001:250:1080::/41,1814991,1814991,,0,0,,35,105,100
2001:250:1100::/40,1814991,1814991,,0,0,,35,105,100
2001:250:1200::/39,1814991,1814991,,0,0,,35,105,100
2001:250:1400::/48,1814991,1814991,,0,0,,35,105,100
2001:250:1401::/49,1804430,,,0,0,,36.0564,103.7922,1
2001:250:1401:8000::/49,1814991,1814991,,0,0,,35,105,100
2001:250:1402::/48,1814991,1814991,,0,0,,35,105,100
2001:250:1403::/49,1804430,,,0,0,,36.0564,103.7922,1000
2001:250:1403:8000::/49,1814991,1814991,,0,0,,35,105,100
2001:250:1404::/46,1814991,1814991,,0,0,,35,105,100
2001:250:1408::/45,1814991,1814991,,0,0,,35,105,100
2001:250:1410::/44,1814991,1814991,,0,0,,35,105,100
2001:250:1420::/43,1814991,1814991,,0,0,,35,105,100
2001:250:1440::/42,1814991,1814991,,0,0,,35,105,100
2001:250:1480::/41,1814991,1814991,,0,0,,35,105,100
2001:250:1500::/40,1814991,1814991,,0,0,,35,105,100
2001:250:1600::/39,1814991,1814991,,0,0,,35,105,100
2001:250:1800::/49,1529102,,,0,0,,43.8010,87.6005,1
2001:250:1800:8000::/49,1814991,1814991,,0,0,,35,105,100
2001:250:1801::/48,1814991,1814991,,0,0,,35,105,100
2001:250:1802::/47,1814991,1814991,,0,0,,35,105,100
2001:250:1804::/46,1814991,1814991,,0,0,,35,105,100
2001:250:1808::/45,1814991,1814991,,0,0,,35,105,100
2001:250:1810::/44,1814991,1814991,,0,0,,35,105,100
2001:250:1820::/43,1814991,1814991,,0,0,,35,105,100
2001:250:1840::/42,1814991,1814991,,0,0,,35,105,100
2001:250:1880::/41,1814991,1814991,,0,0,,35,105,100
2001:250:1900::/40,1814991,1814991,,0,0,,35,105,100
2001:250:1a00::/39,1814991,1814991,,0,0,,35,105,100
2001:250:1c00::/47,1814991,1814991,,0,0,,35,105,100
2001:250:1c02::/49,1814991,1814991,,0,0,,35,105,100
2001:250:1c02:8000::/49,1786657,,,0,0,,38.4681,106.2731,1000
2001:250:1c03::/48,1814991,1814991,,0,0,,35,105,100
2001:250:1c04::/46,1814991,1814991,,0,0,,35,105,100
2001:250:1c08::/45,1814991,1814991,,0,0,,35,105,100
2001:250:1c10::/44,1814991,1814991,,0,0,,35,105,100
2001:250:1c20::/43,1814991,1814991,,0,0,,35,105,100
2001:250:1c40::/42,1814991,1814991,,0,0,,35,105,100
2001:250:1c80::/41,1814991,1814991,,0,0,,35,105,100
2001:250:1d00::/40,1814991,1814991,,0,0,,35,105,100
2001:250:1e00::/39,1814991,1814991,,0,0,,35,105,100
2001:250:2000::/48,1814991,1814991,,0,0,,35,105,100
2001:250:2001::/49,1815286,,,0,0,,30.6667,104.0667,100
2001:250:2001:8000::/49,1815286,,,0,0,,30.6667,104.0667,1
2001:250:2002::/48,1814991,1814991,,0,0,,35,105,100
2001:250:2003::/49,1815286,,,0,0,,30.6667,104.0667,1
2001:250:2003:8000::/49,1814991,1814991,,0,0,,35,105,100
2001:250:2004::/48,1814991,1814991,,0,0,,35,105,100
2001:250:2005::/49,1815286,,,0,0,,30.6667,104.0667,1
2001:250:2005:8000::/49,1814991,1814991,,0,0,,35,105,100
2001:250:2006::/48,1814991,1814991,,0,0,,35,105,100
2001:250:2007::/49,1815286,,,0,0,,30.6667,104.0667,1
2001:250:2007:8000::/49,1814991,1814991,,0,0,,35,105,100
2001:250:2008::/49,1815286,,,0,0,,30.6667,104.0667,100
2001:250:2008:8000::/49,1814991,1814991,,0,0,,35,105,100
2001:250:2009::/49,1815286,,,0,0,,30.6667,104.0667,100
2001:250:2009:8000::/49,1814991,1814991,,0,0,,35,105,100
2001:250:200a::/47,1814991,1814991,,0,0,,35,105,100
2001:250:200c::/46,1814991,1814991,,0,0,,35,105,100
2001:250:2010::/44,1814991,1814991,,0,0,,35,105,100
2001:250:2020::/43,1814991,1814991,,0,0,,35,105,100
2001:250:2040::/42,1814991,1814991,,0,0,,35,105,100
2001:250:2080::/41,1814991,1814991,,0,0,,35,105,100
2001:250:2100::/40,1814991,1814991,,0,0,,35,105,100
2001:250:2200::/39,1814991,1814991,,0,0,,35,105,100
2001:250:2400::/38,1814991,1814991,,0,0,,35,105,100
2001:250:2800::/49,1804651,,,0,0,,25.0389,102.7183,1
2001:250:2800:8000::/49,1814991,1814991,,0,0,,35,105,100
2001:250:2801::/48,1814991,1814991,,0,0,,35,105,100
2001:250:2802::/47,1814991,1814991,,0,0,,35,105,100
2001:250:2804::/46,1814991,1814991,,0,0,,35,105,100
2001:250:2808::/45,1814991,1814991,,0,0,,35,105,100
2001:250:2810::/44,1814991,1814991,,0,0,,35,105,100
2001:250:2820::/43,1814991,1814991,,0,0,,35,105,100
2001:250:2840::/42,1814991,1814991,,0,0,,35,105,100
2001:250:2880::/41,1814991,1814991,,0,0,,35,105,100
2001:250:2900::/40,1814991,1814991,,0,0,,35,105,100
2001:250:2a00::/39,1814991,1814991,,0,0,,35,105,100
2001:250:2c00::/38,1814991,1814991,,0,0,,35,105,100
2001:250:3000::/49,1809858,,,0,0,,23.1167,113.2500,1
2001:250:3000:8000::/49,1814991,1814991,,0,0,,35,105,100
2001:250:3001::/48,1814991,1814991,,0,0,,35,105,100
2001:250:3002::/49,1809858,,,0,0,,23.1167,113.2500,1
2001:250:3002:8000::/49,1814991,1814991,,0,0,,35,105,100
2001:250:3003::/49,1997068,,,0,0,,23.4522,116.0922,200
2001:250:3003:8000::/49,1997068,,,0,0,,23.4522,116.0922,100
2001:250:3004::/47,1814991,1814991,,0,0,,35,105,100
2001:250:3006::/48,1814991,1814991,,0,0,,35,105,100
2001:250:3007::/49,1809858,,,0,0,,23.1167,113.2500,100
2001:250:3007:8000::/49,1814991,1814991,,0,0,,35,105,100
2001:250:3008::/45,1814991,1814991,,0,0,,35,105,100
2001:250:3010::/44,1814991,1814991,,0,0,,35,105,100
2001:250:3020::/43,1814991,1814991,,0,0,,35,105,100
2001:250:3040::/42,1814991,1814991,,0,0,,35,105,100
2001:250:3080::/41,1814991,1814991,,0,0,,35,105,100
2001:250:3100::/40,1814991,1814991,,0,0,,35,105,100
2001:250:3200::/39,1814991,1814991,,0,0,,35,105,100
2001:250:3400::/38,1814991,1814991,,0,0,,35,105,100
2001:250:3800::/38,1814991,1814991,,0,0,,35,105,100
2001:250:3c00::/49,1795565,,,0,0,,22.5333,114.1333,1
2001:250:3c00:8000::/49,1814991,1814991,,0,0,,35,105,100
2001:250:3c01::/48,1814991,1814991,,0,0,,35,105,100
2001:250:3c02::/49,1795565,,,0,0,,22.5333,114.1333,1
2001:250:3c02:8000::/49,1814991,1814991,,0,0,,35,105,100
2001:250:3c03::/48,1814991,1814991,,0,0,,35,105,100
2001:250:3c04::/46,1814991,1814991,,0,0,,35,105,100
2001:250:3c08::/45,1814991,1814991,,0,0,,35,105,100
2001:250:3c10::/44,1814991,1814991,,0,0,,35,105,100
2001:250:3c20::/43,1814991,1814991,,0,0,,35,105,100
2001:250:3c40::/42,1814991,1814991,,0,0,,35,105,100
2001:250:3c80::/41,1814991,1814991,,0,0,,35,105,100
2001:250:3d00::/40,1814991,1814991,,0,0,,35,105,100
2001:250:3e00::/39,1814991,1814991,,0,0,,35,105,100
2001:250:4000::/48,1791247,,,0,0,,30.5801,114.2734,1
2001:250:4001::/49,1791247,,,0,0,,30.5801,114.2734,1
2001:250:4001:8000::/49,1814991,1814991,,0,0,,35,105,100
2001:250:4002::/49,1791247,,,0,0,,30.5801,114.2734,1
2001:250:4002:8000::/49,1814991,1814991,,0,0,,35,105,100
2001:250:4003::/49,7684861,,,0,0,,27.0177,115.7706,1
2001:250:4003:8000::/49,1814991,1814991,,0,0,,35,105,100
2001:250:4004::/48,1791247,,,0,0,,30.5801,114.2734,1
2001:250:4005::/48,1814991,1814991,,0,0,,35,105,100
2001:250:4006::/47,1814991,1814991,,0,0,,35,105,100
2001:250:4008::/45,1814991,1814991,,0,0,,35,105,100
2001:250:4010::/44,1814991,1814991,,0,0,,35,105,100
2001:250:4020::/43,1814991,1814991,,0,0,,35,105,100
2001:250:4040::/42,1814991,1814991,,0,0,,35,105,100
2001:250:4080::/41,1814991,1814991,,0,0,,35,105,100
2001:250:4100::/40,1814991,1814991,,0,0,,35,105,100
2001:250:4200::/39,1814991,1814991,,0,0,,35,105,100
2001:250:4400::/49,1815577,,,0,0,,28.1792,113.1136,100
2001:250:4400:8000::/49,1815577,,,0,0,,28.1792,113.1136,1
2001:250:4401::/49,1815577,,,0,0,,28.1792,113.1136,100
2001:250:4401:8000::/49,1814991,1814991,,0,0,,35,105,100
2001:250:4402::/49,1815577,,,0,0,,28.1792,113.1136,100
2001:250:4402:8000::/49,1814991,1814991,,0,0,,35,105,100
2001:250:4403::/49,1928504,,,0,0,,28.6411,111.7789,100
2001:250:4403:8000::/49,1814991,1814991,,0,0,,35,105,100
2001:250:4404::/46,1814991,1814991,,0,0,,35,105,100
2001:250:4408::/45,1814991,1814991,,0,0,,35,105,100
2001:250:4410::/44,1814991,1814991,,0,0,,35,105,100
2001:250:4420::/43,1814991,1814991,,0,0,,35,105,100
2001:250:4440::/42,1814991,1814991,,0,0,,35,105,100
2001:250:4480::/41,1814991,1814991,,0,0,,35,105,100
2001:250:4500::/40,1814991,1814991,,0,0,,35,105,100
2001:250:4600::/39,1814991,1814991,,0,0,,35,105,100
2001:250:4800::/45,1814991,1814991,,0,0,,35,105,100
2001:250:4808::/48,1814991,1814991,,0,0,,35,105,100
2001:250:4809::/49,1805987,,,0,0,,35.2397,113.2331,50
2001:250:4809:8000::/49,1814991,1814991,,0,0,,35,105,100
2001:250:480a::/47,1814991,1814991,,0,0,,35,105,100
2001:250:480c::/49,1804879,,,0,0,,34.7442,114.4186,100
2001:250:480c:8000::/49,1814991,1814991,,0,0,,35,105,100
2001:250:480d::/48,1814991,1814991,,0,0,,35,105,100
2001:250:480e::/48,1814991,1814991,,0,0,,35,105,100
2001:250:480f::/49,1793133,,,0,0,,27.8456,120.4928,1
2001:250:480f:8000::/49,1814991,1814991,,0,0,,35,105,100
2001:250:4810::/47,1814991,1814991,,0,0,,35,105,100
2001:250:4812::/48,1814991,1814991,,0,0,,35,105,100
2001:250:4813::/49,1798827,,,0,0,,33.7385,113.3012,50
2001:250:4813:8000::/49,1814991,1814991,,0,0,,35,105,100
2001:250:4814::/49,1784658,,,0,0,,34.6836,113.5325,100
2001:250:4814:8000::/49,1814991,1814991,,0,0,,35,105,100
2001:250:4815::/48,1814991,1814991,,0,0,,35,105,100
2001:250:4816::/47,1814991,1814991,,0,0,,35,105,100
2001:250:4818::/45,1814991,1814991,,0,0,,35,105,100
2001:250:4820::/43,1814991,1814991,,0,0,,35,105,100
2001:250:4840::/42,1814991,1814991,,0,0,,35,105,100
2001:250:4880::/41,1814991,1814991,,0,0,,35,105,100
2001:250:4900::/40,1814991,1814991,,0,0,,35,105,100
2001:250:4a00::/39,1814991,1814991,,0,0,,35,105,100
2001:250:4c00::/38,1814991,1814991,,0,0,,35,105,100
2001:250:5000::/47,1814991,1814991,,0,0,,35,105,100
2001:250:5002::/49,1799962,,,0,0,,32.0617,118.7778,100
2001:250:5002:8000::/49,1799962,,,0,0,,32.0617,118.7778,1
2001:250:5003::/48,1814991,1814991,,0,0,,35,105,100
2001:250:5004::/49,1799962,,,0,0,,32.0617,118.7778,1
2001:250:5004:8000::/49,1814991,1814991,,0,0,,35,105,100
2001:250:5005::/48,1814991,1814991,,0,0,,35,105,100
2001:250:5006::/47,1814991,1814991,,0,0,,35,105,100
2001:250:5008::/46,1814991,1814991,,0,0,,35,105,100
2001:250:500c::/48,1814991,1814991,,0,0,,35,105,100
2001:250:500d::/49,1790923,,,0,0,,31.5689,120.2886,100
2001:250:500d:8000::/49,1814991,1814991,,0,0,,35,105,100
2001:250:500e::/48,1814991,1814991,,0,0,,35,105,100
2001:250:500f::/49,1886760,,,0,0,,31.3041,120.5954,1
2001:250:500f:8000::/49,1814991,1814991,,0,0,,35,105,100
2001:250:5010::/45,1814991,1814991,,0,0,,35,105,100
2001:250:5018::/49,1799962,,,0,0,,32.0617,118.7778,100
2001:250:5018:8000::/49,1814991,1814991,,0,0,,35,105,100
2001:250:5019::/48,1814991,1814991,,0,0,,35,105,100
2001:250:501a::/47,1814991,1814991,,0,0,,35,105,100
2001:250:501c::/46,1814991,1814991,,0,0,,35,105,100
2001:250:5020::/43,1814991,1814991,,0,0,,35,105,100
2001:250:5040::/42,1814991,1814991,,0,0,,35,105,100
2001:250:5080::/41,1814991,1814991,,0,0,,35,105,100
2001:250:5100::/40,1814991,1814991,,0,0,,35,105,100
2001:250:5200::/39,1814991,1814991,,0,0,,35,105,100
2001:250:5400::/48,1814991,1814991,,0,0,,35,105,100
2001:250:5401::/49,1808722,,,0,0,,31.8639,117.2808,1000
2001:250:5401:8000::/49,1814991,1814991,,0,0,,35,105,100
2001:250:5402::/49,1814991,1814991,,0,0,,35,105,100
2001:250:5402:8000::/49,1808722,,,0,0,,31.8639,117.2808,100
2001:250:5403::/49,1814757,,,0,0,,32.3219,118.2978,100
2001:250:5403:8000::/49,1814991,1814991,,0,0,,35,105,100
2001:250:5404::/49,1808722,,,0,0,,31.8639,117.2808,1
2001:250:5404:8000::/49,1814991,1814991,,0,0,,35,105,100
2001:250:5405::/49,1808722,,,0,0,,31.8639,117.2808,1
2001:250:5405:8000::/49,1814991,1814991,,0,0,,35,105,100
2001:250:5406::/48,1814991,1814991,,0,0,,35,105,100
2001:250:5407::/49,1808722,,,0,0,,31.8639,117.2808,100
2001:250:5407:8000::/49,1814991,1814991,,0,0,,35,105,100
2001:250:5408::/47,1814991,1814991,,0,0,,35,105,100
2001:250:540a::/49,1810845,,,0,0,,32.9000,115.8167,100
2001:250:540a:8000::/49,1814991,1814991,,0,0,,35,105,100
2001:250:540b::/48,1814991,1814991,,0,0,,35,105,100
2001:250:540c::/47,1814991,1814991,,0,0,,35,105,100
2001:250:540e::/48,1814991,1814991,,0,0,,35,105,100
2001:250:540f::/49,1808722,,,0,0,,31.8639,117.2808,100
2001:250:540f:8000::/49,1814991,1814991,,0,0,,35,105,100
2001:250:5410::/44,1814991,1814991,,0,0,,35,105,100
2001:250:5420::/43,1814991,1814991,,0,0,,35,105,100
2001:250:5440::/42,1814991,1814991,,0,0,,35,105,100
2001:250:5480::/41,1814991,1814991,,0,0,,35,105,100
2001:250:5500::/40,1814991,1814991,,0,0,,35,105,100
2001:250:5600::/39,1814991,1814991,,0,0,,35,105,100
2001:250:5800::/44,1814991,1814991,,0,0,,35,105,100
2001:250:5810::/46,1814991,1814991,,0,0,,35,105,100
2001:250:5814::/47,1814991,1814991,,0,0,,35,105,100
2001:250:5816::/49,1797929,,,0,0,,36.0986,120.3719,1
2001:250:5816:8000::/49,1814991,1814991,,0,0,,35,105,100
2001:250:5817::/48,1814991,1814991,,0,0,,35,105,100
2001:250:5818::/45,1814991,1814991,,0,0,,35,105,100
2001:250:5820::/48,1814991,1814991,,0,0,,35,105,100
2001:250:5821::/49,1797929,,,0,0,,36.0986,120.3719,100
2001:250:5821:8000::/49,1814991,1814991,,0,0,,35,105,100
2001:250:5822::/49,1816670,,,0,0,,39.9289,116.3883,100
2001:250:5822:8000::/49,1814991,1814991,,0,0,,35,105,100
2001:250:5823::/48,1814991,1814991,,0,0,,35,105,100
2001:250:5824::/46,1814991,1814991,,0,0,,35,105,100
2001:250:5828::/45,1814991,1814991,,0,0,,35,105,100
2001:250:5830::/44,1814991,1814991,,0,0,,35,105,100
2001:250:5840::/42,1814991,1814991,,0,0,,35,105,100
2001:250:5880::/41,1814991,1814991,,0,0,,35,105,100
2001:250:5900::/40,1814991,1814991,,0,0,,35,105,100
2001:250:5a00::/39,1814991,1814991,,0,0,,35,105,100
2001:250:5c00::/38,1814991,1814991,,0,0,,35,105,100
2001:250:6000::/45,1814991,1814991,,0,0,,35,105,100
2001:250:6008::/46,1814991,1814991,,0,0,,35,105,100
2001:250:600c::/47,1814991,1814991,,0,0,,35,105,100
2001:250:600e::/48,1814991,1814991,,0,0,,35,105,100
2001:250:600f::/49,1796236,,,0,0,,31.0456,121.3997,100
2001:250:600f:8000::/49,1814991,1814991,,0,0,,35,105,100
2001:250:6010::/44,1814991,1814991,,0,0,,35,105,100
2001:250:6020::/43,1814991,1814991,,0,0,,35,105,100
2001:250:6040::/42,1814991,1814991,,0,0,,35,105,100
2001:250:6080::/41,1814991,1814991,,0,0,,35,105,100
2001:250:6100::/40,1814991,1814991,,0,0,,35,105,100
2001:250:6200::/39,1814991,1814991,,0,0,,35,105,100
2001:250:6400::/45,1814991,1814991,,0,0,,35,105,100
2001:250:6408::/47,1814991,1814991,,0,0,,35,105,100
2001:250:640a::/49,1799397,,,0,0,,29.8782,121.5495,1
2001:250:640a:8000::/49,1814991,1814991,,0,0,,35,105,100
2001:250:640b::/48,1814991,1814991,,0,0,,35,105,100
2001:250:640c::/46,1814991,1814991,,0,0,,35,105,100
2001:250:6410::/44,1814991,1814991,,0,0,,35,105,100
2001:250:6420::/43,1814991,1814991,,0,0,,35,105,100
2001:250:6440::/42,1814991,1814991,,0,0,,35,105,100
2001:250:6480::/41,1814991,1814991,,0,0,,35,105,100
2001:250:6500::/40,1814991,1814991,,0,0,,35,105,100
2001:250:6600::/39,1814991,1814991,,0,0,,35,105,100
2001:250:6800::/48,1814991,1814991,,0,0,,35,105,100
2001:250:6801::/49,1790645,,,0,0,,24.4798,118.0819,100
2001:250:6801:8000::/49,1790645,,,0,0,,24.4798,118.0819,100
2001:250:6802::/48,1814991,1814991,,0,0,,35,105,100
2001:250:6803::/49,1810821,,,0,0,,26.0614,119.3061,100
2001:250:6803:8000::/49,1814991,1814991,,0,0,,35,105,100
2001:250:6804::/49,1810821,,,0,0,,26.0614,119.3061,1
2001:250:6804:8000::/49,1814991,1814991,,0,0,,35,105,100
2001:250:6805::/48,1814991,1814991,,0,0,,35,105,100
2001:250:6806::/47,1814991,1814991,,0,0,,35,105,100
2001:250:6808::/45,1814991,1814991,,0,0,,35,105,100
2001:250:6810::/44,1814991,1814991,,0,0,,35,105,100
2001:250:6820::/43,1814991,1814991,,0,0,,35,105,100
2001:250:6840::/42,1814991,1814991,,0,0,,35,105,100
2001:250:6880::/41,1814991,1814991,,0,0,,35,105,100
2001:250:6900::/40,1814991,1814991,,0,0,,35,105,100
2001:250:6a00::/39,1814991,1814991,,0,0,,35,105,100
2001:250:6c00::/48,1800163,,,0,0,,28.5500,115.9333,1
2001:250:6c01::/48,1814991,1814991,,0,0,,35,105,100
2001:250:6c02::/48,1800163,,,0,0,,28.5500,115.9333,100
2001:250:6c03::/48,1814991,1814991,,0,0,,35,105,100
2001:250:6c04::/46,1814991,1814991,,0,0,,35,105,100
2001:250:6c08::/45,1814991,1814991,,0,0,,35,105,100
2001:250:6c10::/44,1814991,1814991,,0,0,,35,105,100
2001:250:6c20::/43,1814991,1814991,,0,0,,35,105,100
2001:250:6c40::/42,1814991,1814991,,0,0,,35,105,100
2001:250:6c80::/41,1814991,1814991,,0,0,,35,105,100
2001:250:6d00::/40,1814991,1814991,,0,0,,35,105,100
2001:250:6e00::/39,1814991,1814991,,0,0,,35,105,100
2001:250:7000::/47,1814991,1814991,,0,0,,35,105,100
2001:250:7002::/48,1814991,1814991,,0,0,,35,105,100
2001:250:7003::/49,2036427,,,0,0,,41.1078,121.1417,100
2001:250:7003:8000::/49,1814991,1814991,,0,0,,35,105,100
2001:250:7004::/46,1814991,1814991,,0,0,,35,105,100
2001:250:7008::/45,1814991,1814991,,0,0,,35,105,100
2001:250:7010::/44,1814991,1814991,,0,0,,35,105,100
2001:250:7020::/43,1814991,1814991,,0,0,,35,105,100
2001:250:7040::/42,1814991,1814991,,0,0,,35,105,100
2001:250:7080::/41,1814991,1814991,,0,0,,35,105,100
2001:250:7100::/40,1814991,1814991,,0,0,,35,105,100
2001:250:7200::/39,1814991,1814991,,0,0,,35,105,100
2001:250:7400::/48,1814991,1814991,,0,0,,35,105,100
2001:250:7401::/48,2038180,,,0,0,,43.8800,125.3228,1
2001:250:7402::/47,1814991,1814991,,0,0,,35,105,100
2001:250:7404::/48,1814991,1814991,,0,0,,35,105,100
2001:250:7405::/49,2038180,,,0,0,,43.8800,125.3228,100
2001:250:7405:8000::/49,1814991,1814991,,0,0,,35,105,100
2001:250:7406::/47,1814991,1814991,,0,0,,35,105,100
2001:250:7408::/45,1814991,1814991,,0,0,,35,105,100
2001:250:7410::/44,1814991,1814991,,0,0,,35,105,100
2001:250:7420::/43,1814991,1814991,,0,0,,35,105,100
2001:250:7440::/42,1814991,1814991,,0,0,,35,105,100
2001:250:7480::/41,1814991,1814991,,0,0,,35,105,100
2001:250:7500::/40,1814991,1814991,,0,0,,35,105,100
2001:250:7600::/39,1814991,1814991,,0,0,,35,105,100
2001:250:7800::/48,1814991,1814991,,0,0,,35,105,100
2001:250:7801::/49,1814991,1814991,,0,0,,35,105,100
2001:250:7801:8000::/49,2037013,,,0,0,,45.7500,126.6500,1
2001:250:7802::/48,2037013,,,0,0,,45.7500,126.6500,1
2001:250:7803::/48,1814991,1814991,,0,0,,35,105,100
2001:250:7804::/46,1814991,1814991,,0,0,,35,105,100
2001:250:7808::/45,1814991,1814991,,0,0,,35,105,100
2001:250:7810::/44,1814991,1814991,,0,0,,35,105,100
2001:250:7820::/43,1814991,1814991,,0,0,,35,105,100
2001:250:7840::/42,1814991,1814991,,0,0,,35,105,100
2001:250:7880::/41,1814991,1814991,,0,0,,35,105,100
2001:250:7900::/40,1814991,1814991,,0,0,,35,105,100
2001:250:7a00::/39,1814991,1814991,,0,0,,35,105,100
2001:250:7c00::/38,1814991,1814991,,0,0,,35,105,100
2001:250:8000::/34,1814991,1814991,,0,0,,35,105,100
2001:250:c000::/35,1814991,1814991,,0,0,,35,105,100
2001:250:e000::/36,1814991,1814991,,0,0,,35,105,100
2001:250:f000::/37,1814991,1814991,,0,0,,35,105,100
2001:250:f800::/38,1814991,1814991,,0,0,,35,105,100
2001:250:fc00::/39,1814991,1814991,,0,0,,35,105,100
2001:250:fe00::/48,1814991,1814991,,0,0,,35,105,100
2001:250:fe01::/49,2037013,,,0,0,,45.7500,126.6500,100
2001:250:fe01:8000::/49,1814991,1814991,,0,0,,35,105,100
2001:250:fe02::/47,1814991,1814991,,0,0,,35,105,100
2001:250:fe04::/46,1814991,1814991,,0,0,,35,105,100
2001:250:fe08::/45,1814991,1814991,,0,0,,35,105,100
2001:250:fe10::/44,1814991,1814991,,0,0,,35,105,100
2001:250:fe20::/43,1814991,1814991,,0,0,,35,105,100
2001:250:fe40::/42,1814991,1814991,,0,0,,35,105,100
2001:250:fe80::/41,1814991,1814991,,0,0,,35,105,100
2001:250:ff00::/40,1814991,1814991,,0,0,,35,105,100
2001:251::/32,1814991,1814991,,0,0,,35,105,100
2001:252::/32,1814991,1814991,,0,0,,35,105,100
2001:254::/32,1814991,1814991,,0,0,,35,105,100
2001:256::/40,1814991,1814991,,0,0,,35,105,100
2001:256:100::/49,1808926,,,0,0,,30.2936,120.1614,1
2001:256:100:8000::/49,1814991,1814991,,0,0,,35,105,100
2001:256:101::/48,1814991,1814991,,0,0,,35,105,100
2001:256:102::/47,1814991,1814991,,0,0,,35,105,100
2001:256:104::/46,1814991,1814991,,0,0,,35,105,100
2001:256:108::/45,1814991,1814991,,0,0,,35,105,100
2001:256:110::/44,1814991,1814991,,0,0,,35,105,100
2001:256:120::/43,1814991,1814991,,0,0,,35,105,100
2001:256:140::/42,1814991,1814991,,0,0,,35,105,100
2001:256:180::/41,1814991,1814991,,0,0,,35,105,100
2001:256:200::/39,1814991,1814991,,0,0,,35,105,100
2001:256:400::/38,1814991,1814991,,0,0,,35,105,100
2001:256:800::/37,1814991,1814991,,0,0,,35,105,100
2001:256:1000::/36,1814991,1814991,,0,0,,35,105,100
2001:256:2000::/35,1814991,1814991,,0,0,,35,105,100
2001:256:4000::/34,1814991,1814991,,0,0,,35,105,100
2001:256:8000::/33,1814991,1814991,,0,0,,35,105,100
2001:258::/32,1861060,1861060,,0,0,,35.68536,139.75309,100
2001:260::/38,1861060,1861060,,0,0,,35.68536,139.75309,100
2001:260:400::/48,1861060,1861060,,0,0,,35.68536,139.75309,100
2001:260:401::/49,1907146,,,0,0,350-1334,35.8242,139.3764,100
2001:260:401:8000::/49,1861060,1861060,,0,0,,35.68536,139.75309,100
2001:260:402::/47,1861060,1861060,,0,0,,35.68536,139.75309,100
2001:260:404::/46,1861060,1861060,,0,0,,35.68536,139.75309,100
2001:260:408::/45,1861060,1861060,,0,0,,35.68536,139.75309,100
2001:260:410::/44,1861060,1861060,,0,0,,35.68536,139.75309,100
2001:260:420::/43,1861060,1861060,,0,0,,35.68536,139.75309,100
2001:260:440::/42,1861060,1861060,,0,0,,35.68536,139.75309,100
2001:260:480::/41,1861060,1861060,,0,0,,35.68536,139.75309,100
2001:260:500::/40,1861060,1861060,,0,0,,35.68536,139.75309,100
2001:260:600::/39,1861060,1861060,,0,0,,35.68536,139.75309,100
2001:260:800::/37,1861060,1861060,,0,0,,35.68536,139.75309,100
2001:260:1000::/36,1861060,1861060,,0,0,,35.68536,139.75309,100
2001:260:2000::/35,1861060,1861060,,0,0,,35.68536,139.75309,100
2001:260:4000::/34,1861060,1861060,,0,0,,35.68536,139.75309,100
2001:260:8000::/33,1861060,1861060,,0,0,,35.68536,139.75309,100
2001:268::/39,1861060,1861060,,0,0,,35.68536,139.75309,100
2001:268:200::/40,1861060,1861060,,0,0,,35.68536,139.75309,100
2001:268:300::/46,1861060,1861060,,0,0,,35.68536,139.75309,100
2001:268:304::/47,1861060,1861060,,0,0,,35.68536,139.75309,100
2001:268:306::/49,1857550,,,0,0,690-0887,35.4722,133.0506,1
2001:268:306:8000::/49,1861060,1861060,,0,0,,35.68536,139.75309,100
2001:268:307::/48,1861060,1861060,,0,0,,35.68536,139.75309,100
2001:268:308::/45,1861060,1861060,,0,0,,35.68536,139.75309,100
2001:268:310::/44,1861060,1861060,,0,0,,35.68536,139.75309,100
2001:268:320::/43,1861060,1861060,,0,0,,35.68536,139.75309,100
2001:268:340::/42,1861060,1861060,,0,0,,35.68536,139.75309,100
2001:268:380::/41,1861060,1861060,,0,0,,35.68536,139.75309,100
2001:268:400::/38,1861060,1861060,,0,0,,35.68536,139.75309,100
2001:268:800::/37,1861060,1861060,,0,0,,35.68536,139.75309,100
2001:268:1000::/36,1861060,1861060,,0,0,,35.68536,139.75309,100
2001:268:2000::/35,1861060,1861060,,0,0,,35.68536,139.75309,100
2001:268:4000::/34,1861060,1861060,,0,0,,35.68536,139.75309,100
2001:268:8000::/34,1861060,1861060,,0,0,,35.68536,139.75309,100
2001:268:c000::/47,1850147,,,0,0,100-0001,35.6845,139.7559,200
2001:268:c002::/49,1850147,,,0,0,100-0001,35.6845,139.7559,20
2001:268:c002:8000::/49,1850147,,,0,0,100-0001,35.6845,139.7559,200
2001:268:c003::/48,1850147,,,0,0,100-0001,35.6845,139.7559,100
2001:268:c004::/51,1850147,,,0,0,100-0001,35.6845,139.7559,20
2001:268:c004:2000::/53,1861060,1861060,,0,0,,35.68536,139.75309,20
2001:268:c004:2800::/53,1850147,,,0,0,100-0001,35.6845,139.7559,20
2001:268:c004:3000::/52,1861060,1861060,,0,0,,35.68536,139.75309,20
2001:268:c004:4000::/50,1850147,,,0,0,100-0001,35.6845,139.7559,20
2001:268:c004:8000::/49,1850147,,,0,0,100-0001,35.6845,139.7559,20
2001:268:c005::/48,1850147,,,0,0,100-0001,35.6845,139.7559,20
2001:268:c006::/49,1848354,,,0,0,231-0021,35.4478,139.6425,50
2001:268:c006:8000::/49,1850147,,,0,0,100-0001,35.6845,139.7559,50
2001:268:c007::/50,1850147,,,0,0,100-0001,35.6845,139.7559,50
2001:268:c007:4000::/50,6822132,,,0,0,196-0021,35.7208,139.3800,50
2001:268:c007:8000::/49,1850147,,,0,0,100-0001,35.6845,139.7559,50
2001:268:c008::/49,1850147,,,0,0,100-0001,35.6845,139.7559,20
2001:268:c008:8000::/49,1850147,,,0,0,100-0001,35.6845,139.7559,100
2001:268:c009::/49,1850147,,,0,0,100-0001,35.6845,139.7559,1
2001:268:c009:8000::/49,1850147,,,0,0,100-0001,35.6845,139.7559,100
2001:268:c00a::/48,1850147,,,0,0,100-0001,35.6845,139.7559,20
2001:268:c00b::/48,1850147,,,0,0,100-0001,35.6845,139.7559,50
2001:268:c00c::/48,1850147,,,0,0,100-0001,35.6845,139.7559,20
2001:268:c00d::/49,1850147,,,0,0,100-0001,35.6845,139.7559,20
2001:268:c00d:8000::/49,1859642,,,0,0,210-0835,35.5206,139.7172,20
2001:268:c00e::/49,1850147,,,0,0,100-0001,35.6845,139.7559,50
2001:268:c00e:8000::/49,1850147,,,0,0,100-0001,35.6845,139.7559,20
2001:268:c00f::/49,1850147,,,0,0,100-0001,35.6845,139.7559,20
2001:268:c00f:8000::/49,1861060,1861060,,0,0,,35.68536,139.75309,100
2001:268:c010::/48,1850147,,,0,0,100-0001,35.6845,139.7559,20
2001:268:c011::/48,1850147,,,0,0,100-0001,35.6845,139.7559,1
2001:268:c012::/48,1850147,,,0,0,100-0001,35.6845,139.7559,1
2001:268:c013::/48,1850147,,,0,0,100-0001,35.6845,139.7559,1000
2001:268:c014::/47,1850147,,,0,0,100-0001,35.6845,139.7559,1
2001:268:c016::/48,1850147,,,0,0,100-0001,35.6845,139.7559,20
2001:268:c017::/49,1850147,,,0,0,100-0001,35.6845,139.7559,100
2001:268:c017:8000::/49,1850147,,,0,0,100-0001,35.6845,139.7559,1
2001:268:c018::/48,1850147,,,0,0,100-0001,35.6845,139.7559,1
2001:268:c019::/48,1850147,,,0,0,100-0001,35.6845,139.7559,100
2001:268:c01a::/49,1850147,,,0,0,100-0001,35.6845,139.7559,100
2001:268:c01a:8000::/49,1850147,,,0,0,100-0001,35.6845,139.7559,1
2001:268:c01b::/48,1850147,,,0,0,100-0001,35.6845,139.7559,20
2001:268:c01c::/48,1850147,,,0,0,100-0001,35.6845,139.7559,20
2001:268:c01d::/49,1850147,,,0,0,100-0001,35.6845,139.7559,20
2001:268:c01d:8000::/51,1850147,,,0,0,100-0001,35.6845,139.7559,100
2001:268:c01d:a000::/51,1861060,1861060,,0,0,,35.68536,139.75309,100
2001:268:c01d:c000::/50,1850147,,,0,0,100-0001,35.6845,139.7559,100
2001:268:c01e::/48,1850147,,,0,0,100-0001,35.6845,139.7559,100
2001:268:c01f::/48,1850147,,,0,0,100-0001,35.6845,139.7559,1
2001:268:c020::/44,1861060,1861060,,0,0,,35.68536,139.75309,100
2001:268:c030::/49,1850147,,,0,0,100-0001,35.6845,139.7559,10
2001:268:c030:8000::/49,1850147,,,0,0,100-0001,35.6845,139.7559,1
2001:268:c031::/49,1850147,,,0,0,100-0001,35.6845,139.7559,20
2001:268:c031:8000::/49,1850147,,,0,0,100-0001,35.6845,139.7559,1
2001:268:c032::/47,1850147,,,0,0,100-0001,35.6845,139.7559,1
2001:268:c034::/48,1850147,,,0,0,100-0001,35.6845,139.7559,20
2001:268:c035::/49,1850147,,,0,0,100-0001,35.6845,139.7559,20
2001:268:c035:8000::/49,1850147,,,0,0,100-0001,35.6845,139.7559,1
2001:268:c036::/47,1850147,,,0,0,100-0001,35.6845,139.7559,200
2001:268:c038::/48,1850147,,,0,0,100-0001,35.6845,139.7559,20
2001:268:c039::/49,1850147,,,0,0,100-0001,35.6845,139.7559,50
2001:268:c039:8000::/49,1850147,,,0,0,100-0001,35.6845,139.7559,100
2001:268:c03a::/47,1850147,,,0,0,100-0001,35.6845,139.7559,200
2001:268:c03c::/47,1850147,,,0,0,100-0001,35.6845,139.7559,20
2001:268:c03e::/48,1850147,,,0,0,100-0001,35.6845,139.7559,20
2001:268:c03f::/49,1850147,,,0,0,100-0001,35.6845,139.7559,1
2001:268:c03f:8000::/49,1861060,1861060,,0,0,,35.68536,139.75309,100
2001:268:c040::/49,1850147,,,0,0,100-0001,35.6845,139.7559,50
2001:268:c040:8000::/49,1850147,,,0,0,100-0001,35.6845,139.7559,20
2001:268:c041::/49,1850147,,,0,0,100-0001,35.6845,139.7559,100
2001:268:c041:8000::/49,1850147,,,0,0,100-0001,35.6845,139.7559,20
2001:268:c042::/49,1850147,,,0,0,100-0001,35.6845,139.7559,20
2001:268:c042:8000::/49,1850147,,,0,0,100-0001,35.6845,139.7559,100
2001:268:c043::/49,1848354,,,0,0,231-0021,35.4478,139.6425,20
2001:268:c043:8000::/49,1850147,,,0,0,100-0001,35.6845,139.7559,50
2001:268:c044::/49,1850147,,,0,0,100-0001,35.6845,139.7559,50
2001:268:c044:8000::/49,1850147,,,0,0,100-0001,35.6845,139.7559,20
2001:268:c045::/48,1861060,1861060,,0,0,,35.68536,139.75309,100
2001:268:c046::/47,1861060,1861060,,0,0,,35.68536,139.75309,100
2001:268:c048::/45,1861060,1861060,,0,0,,35.68536,139.75309,100
2001:268:c050::/47,1850147,,,0,0,100-0001,35.6845,139.7559,100
2001:268:c052::/49,1850147,,,0,0,100-0001,35.6845,139.7559,1
2001:268:c052:8000::/49,1850147,,,0,0,100-0001,35.6845,139.7559,100
2001:268:c053::/49,1850147,,,0,0,100-0001,35.6845,139.7559,100
2001:268:c053:8000::/49,1850147,,,0,0,100-0001,35.6845,139.7559,20
2001:268:c054::/46,1861060,1861060,,0,0,,35.68536,139.75309,100
2001:268:c058::/45,1861060,1861060,,0,0,,35.68536,139.75309,100
2001:268:c060::/49,1850147,,,0,0,100-0001,35.6845,139.7559,100
2001:268:c060:8000::/49,1850147,,,0,0,100-0001,35.6845,139.7559,10
2001:268:c061::/48,1850147,,,0,0,100-0001,35.6845,139.7559,100
2001:268:c062::/48,1850147,,,0,0,100-0001,35.6845,139.7559,1
2001:268:c063::/48,1850147,,,0,0,100-0001,35.6845,139.7559,20
2001:268:c064::/48,1850147,,,0,0,100-0001,35.6845,139.7559,1
2001:268:c065::/48,1850147,,,0,0,100-0001,35.6845,139.7559,100
2001:268:c066::/48,1850147,,,0,0,100-0001,35.6845,139.7559,1
2001:268:c067::/49,1850147,,,0,0,100-0001,35.6845,139.7559,100
2001:268:c067:8000::/49,1850147,,,0,0,100-0001,35.6845,139.7559,1
2001:268:c068::/49,1850147,,,0,0,100-0001,35.6845,139.7559,1
2001:268:c068:8000::/49,1850147,,,0,0,100-0001,35.6845,139.7559,100
2001:268:c069::/48,1850147,,,0,0,100-0001,35.6845,139.7559,1
